((("alias" .
   [4 0 0 0 0])
  ("100::4300::8000" .
   [1 0 0 0 0 0 0 0 0 0 0 0 0 0 0])
  (".tmp" .
   [2 0 0 0])
  ("motion/*.dat" .
   [0 0 0 0 0 0 0 0 1 0 0 0])
  ("cons" .
   [2 0 0 0])
  ("auto-mode-alist" .
   [1 0 0 0 0 0 0 0 0 0 0 0 0 0 0])
  ("setq" .
   [1 0 0 0])
  ("cut" .
   [1 0 0])
  ("row" .
   [11 0 0])
  ("id.eq.4" .
   [1 0 0 0 0 0 0])
  ("vx" .
   [2 0])
  ("110" .
   [1 0 0])
  ("60" .
   [1 0])
  ("id" .
   [2 0])
  ("30" .
   [2 0])
  ("nztbe" .
   [1 0 0 0 0])
  ("nzt" .
   [1 0 0])
  ("netbe" .
   [1 0 0 0 0])
  ("nxibe" .
   [1 0 0 0 0])
  ("netbs" .
   [1 0 0 0 0])
  ("nxibs" .
   [3 0 0 0 0])
  ("result2.bin" .
   [1 0 0 0 0 0 0 0 0 0 0])
  ("ratio" .
   [1 0 0 0 0])
  ("tit3" .
   [1 0 0 0])
  ("tail3" .
   [3 0 0 0 0])
  ("2300" .
   [1 0 0 0])
  ("tail" .
   [1 0 0 0])
  ("size" .
   [2 0 0 0])
  ("tith" .
   [1 0 0 0])
  ("15" .
   [1 0])
  ("sample" .
   [6 0 0 0 0 0])
  ("endif" .
   [2 0 0 0 0])
  ("p0" .
   [1 0])
  ("titg" .
   [7 0 0 0])
  ("titf" .
   [7 0 0 0])
  ("tite" .
   [7 0 0 0])
  ("titc" .
   [6 0 0 0])
  ("titb" .
   [7 0 0 0])
  ("tita" .
   [5 0 0 0])
  ("titd" .
   [7 0 0 0])
  ("73.d0" .
   [2 0 0 0 0])
  ("taile" .
   [2 0 0 0 0])
  ("disf" .
   [7 0 0 0])
  ("dise" .
   [8 0 0 0])
  ("disd" .
   [7 0 0 0])
  ("disc" .
   [1 0 0 0])
  ("disb" .
   [1 0 0 0])
  ("disa" .
   [3 0 0 0])
  ("x-cl" .
   [2 0 0 0])
  ("dis1" .
   [5 0 0 0])
  ("30000" .
   [2 0 0 0 0])
  ("1,0.1" .
   [1 0 0 0 0])
  ("echo" .
   [20 0 0 0])
  ("dispb" .
   [6 0 0 0 0])
  ("dispc" .
   [7 0 0 0 0])
  ("dispa" .
   [5 0 0 0 0])
  ("disp2" .
   [7 0 0 0 0])
  ("disp1" .
   [7 0 0 0 0])
  ("disp3" .
   [7 0 0 0 0])
  ("3000" .
   [1 0 0 0])
  ("eve" .
   [50 0 0])
  ("yr" .
   [1 0])
  ("tailc" .
   [1 0 0 0 0])
  ("tailb" .
   [2 0 0 0 0])
  ("taila" .
   [3 0 0 0 0])
  (":3" .
   [4 0])
  ("1,0.5" .
   [20 0 0 0 0])
  ("i" .
   [2])
  ("p3" .
   [4 0])
  ("dabs" .
   [1 0 0 0])
  ("dcos" .
   [2 0 0 0])
  ("dsin" .
   [2 0 0 0])
  ("dsqrt" .
   [1 0 0 0 0])
  ("cl" .
   [2 0])
  ("angle" .
   [9 0 0 0 0])
  ("cd" .
   [2 0])
  (":4" .
   [4 0])
  ("itrs::" .
   [4 0 0 0 0 0])
  ("::" .
   [8 0])
  ("every" .
   [11 0 0 0 0])
  ("3000000" .
   [1 0 0 0 0 0 0])
  ("20000" .
   [1 0 0 0 0])
  ("timere-aoa" .
   [1 0 0 0 0 0 0 0 0 0])
  ("while" .
   [1 0 0 0 0])
  ("p2" .
   [10 0])
  ("p1" .
   [7 0])
  ("enddo" .
   [4 0 0 0 0])
  ("temp" .
   [8 0 0 0])
  ("then" .
   [7 0 0 0])
  ("if" .
   [7 0])
  ("lift" .
   [1 0 0 0])
  ("motion/cdclcm_aoa.dat" .
   [0 0 0 0 0 0 0 0 0 0 0 0 0 1 1 0 1 1 0 0 0])
  ("drag" .
   [2 0 0 0])
  ("function.gp" .
   [3 0 0 1 0 2 0 0 0 0 0])
  ("load" .
   [7 0 0 0])
  ("motion/cdclcm_s.dat" .
   [0 0 0 0 0 0 0 0 0 2 0 0 0 0 0 0 0 0 0])
  ("timere" .
   [1 0 0 0 0 0])
  ("compile" .
   [1 0 0 0 0 0 0])
  ("png" .
   [9 0 0])
  ("moment" .
   [1 0 0 0 0 2])
  ("-2:+2" .
   [1 0 0 0 0])
  ("-10:20" .
   [0 0 0 1 0 0])
  ("1:4" .
   [10 0 0])
  ("1:3" .
   [9 0 0])
  ("unique" .
   [10 0 0 0 0 0])
  ("smooth" .
   [11 0 0 0 0 0])
  ("1,0.05" .
   [0 0 1 0 0 0])
  ("filter" .
   [6 0 0 0 0 0])
  ("title" .
   [38 0 0 0 0])
  ("1:2" .
   [23 0 0])
  ("replot" .
   [71 0 0 0 0 0])
  ("timere-cd.png" .
   [0 0 0 1 0 0 0 0 0 0 0 0 0])
  ("terminal" .
   [13 0 0 0 0 0 0 0])
  ("set" .
   [41 0 0])
  ("motion/force.dat" .
   [0 0 0 0 1 0 1 0 0 1 1 0 0 0 0 0])
  ("plot" .
   [28 0 0 0])
  ("gnuplot" .
   [18 0 0 0 0 0 0])
  ("output" .
   [13 0 0 0 0 0])
  ("dim" .
   [1 0 0])
  ("diml" .
   [8 0 0 0])
  ("uini" .
   [7 0 0 0])
  ("end" .
   [5 0 0])
  ("nend" .
   [4 0 0 0])
  ("do" .
   [13 0])
  ("cccc" .
   [1 0 0 0])
  ("180.d0" .
   [6 0 0 1 0 0])
  ("1.d0" .
   [3 0 0 0])
  ("4.d0" .
   [1 0 0 0])
  ("pi" .
   [8 0])
  ("datan" .
   [1 0 0 0 0])
  ("c" .
   [2])
  ("midt" .
   [4 0 0 0])
  ("mid" .
   [56 0 0])
  ("10" .
   [10 0])
  ("14" .
   [1 0])
  ("13" .
   [1 0])
  ("11" .
   [3 0])
  ("12" .
   [1 0])
  ("nid" .
   [26 0 0])
  ("n" .
   [5])
  ("color-theme-clarity" .
   [0 0 0 0 0 0 0 0 0 0 0 0 0 0 1 0 0 0 0])
  ("toggle-read-only" .
   [0 0 0 0 0 0 0 0 0 0 1 0 0 0 0 0])
  ("toggle-word-wrap" .
   [0 0 0 0 0 0 1 0 0 0 0 0 0 0 0 0])
  ("global-set-key" .
   [1 0 0 0 0 0 0 0 0 0 0 1 0 0])
  ("redisplay" .
   [2 0 0 0 0 0 0 0 0])
  ("nil" .
   [2 0 0])
  ("set-frame-parameter" .
   [2 0 0 0 0 0 0 0 0 0 0 0 0 0 2 0 0 0 0])
  ("null" .
   [2 0 0 0])
  ("cond" .
   [2 0 0 0])
  ("fullscreen" .
   [7 0 0 0 0 0 1 0 1 0])
  ("selected-frame" .
   [3 0 0 0 0 0 0 0 0 0 0 0 1 2])
  ("frame-parameter" .
   [2 0 0 0 0 0 0 0 0 0 0 0 0 0 0])
  ("let" .
   [2 0 0])
  ("interactive" .
   [3 0 0 0 0 0 0 0 0 0 0])
  ("defun" .
   [2 0 0 0 0])
  ("prin1" .
   [1 0 0 0 0])
  ("font-family-list" .
   [1 0 0 0 0 0 0 0 0 0 0 0 0 0 0 0])
  ("t" .
   [2])
  ("require" .
   [3 0 0 0 0 0 0])
  ("hideshow" .
   [1 0 0 0 0 0 0 0])
  ("fold-dwim-toggle" .
   [1 0 0 0 0 0 0 0 0 0 0 0 0 0 0 0])
  ("hs-minor-mode" .
   [0 0 0 0 0 0 0 0 1 0 0 0 0])
  ("fold-dwim-hide-all" .
   [1 0 0 0 0 0 0 0 0 0 0 0 0 0 0 0 0 0])
  ("magit" .
   [1 0 0 0 0])
  ("my-fullscreen" .
   [0 0 0 0 0 0 0 0 0 0 0 0 1])
  ("color-theme-hober" .
   [1 0 0 0 0 0 0 0 0 0 0 0 0 0 1 0 0])
  ("color-theme-snowish" .
   [1 0 0 0 0 0 0 0 0 0 0 0 0 0 0 0 0 0 0])
  ("color-theme-retro-orange" .
   [1 0 0 0 0 0 0 0 0 0 0 0 0 0 0 0 0 0 0 0 0 0 0 0])
  ("color-theme-dark-laptop" .
   [0 0 0 0 0 0 0 0 0 0 0 0 0 0 0 0 0 0 0 1 0 0 0])
  ("color-theme-billw" .
   [0 0 0 0 0 0 0 0 0 0 0 0 0 0 1 0 0])
  ("define-key" .
   [2 0 0 0 0 0 0 0 0 0])
  ("term-raw-map" .
   [1 0 0 0 0 0 0 0 0 0 0 0])
  ("kbd" .
   [1 0 0])
  ("lambda" .
   [2 0 0 0 0 0])
  ("send" .
   [1 0 0 0])
  ("term-send-raw-string" .
   [1 0 0 0 0 0 0 0 0 0 0 0 0 0 0 0 0 0 0 0])
  ("add-hook" .
   [1 0 0 0 0 0 0 0])
  ("term-mode-hook" .
   [1 0 0 0 0 0 0 0 0 0 0 0 0 0])
  ("xtemp" .
   [1 0 0 0 0])
  ("ytemp" .
   [1 0 0 0 0])
  ("nxi_taill" .
   [1 0 0 0 0 0 0 0 0])
  ("nxi_tailr" .
   [1 0 0 0 0 0 0 0 0])
  ("nz" .
   [1 0])
  ("0.d0" .
   [3 0 0 3])
  ("rinf" .
   [7 0 0 0])
  ("uinf" .
   [6 0 0 0])
  ("u" .
   [1])
  ("q1" .
   [2 0])
  ("q2" .
   [2 0])
  ("d" .
   [5])
  ("fx" .
   [1 0])
  ("q3" .
   [3 0])
  ("gcst" .
   [2 0 0 0])
  ("287.1d0" .
   [1 0 0 0 0 0 0])
  ("tinf" .
   [3 0 0 0])
  ("tref" .
   [3 0 0 0])
  ("288.0d0" .
   [2 0 0 0 0 0 0])
  ("pinf" .
   [2 0 0 0])
  ("101325.0d0" .
   [1 0 0 0 0 0 0 0 0 0])
  ("real" .
   [13 0 0 0])
  ("nsta" .
   [3 0 0 0])
  ("call" .
   [2 0 0 0])
  ("getarg" .
   [2 0 0 0 0 0])
  ("implicit" .
   [1 0 0 0 0 1 0 0])
  ("read" .
   [12 0 0 0])
  ("msta" .
   [3 0 0 0])
  ("mend" .
   [7 0 0 0])
  ("itrs" .
   [4 0 0 0])
  ("itre" .
   [19 0 0 0])
  ("-persist" .
   [16 0 0 0 0 0 0 0])
  ("motion/resi.dat" .
   [3 0 0 0 0 0 0 0 0 1 0 1 0 0 0])
  ("exit" .
   [14 0 0 0])
  ("1000000" .
   [1 0 0 0 0 0 0])
  ("cm" .
   [4 0])
  ("averaged" .
   [1 0 0 0 0 0 0 0])
  (":2" .
   [3 0])
  ("cx" .
   [2 0])
  ("dis4" .
   [9 0 0 0])
  ("2:3" .
   [2 0 0])
  ("tail10" .
   [1 0 0 0 0 0])
  ("tail30" .
   [1 0 0 0 0 0])
  ("dis2" .
   [1 0 0 0])
  ("dis3" .
   [1 0 0 0])
  ("tail20" .
   [1 0 0 0 0 0])
  ("tailf" .
   [2 0 0 0 0])
  ("tailg" .
   [2 0 0 0 0])
  ("velocity.png" .
   [1 0 0 0 0 0 0 0 0 0 0 0])
  ("theta" .
   [3 0 0 0 0])
  ("posix" .
   [8 0 0 0 0])
  ("posiy" .
   [6 0 0 0 0])
  ("vectx" .
   [4 0 0 0 0])
  ("vecty" .
   [4 0 0 0 0])
  ("50.d0" .
   [1 0 0 0 0])
  ("with" .
   [3 0 0 0])
  ("vector" .
   [4 0 0 0 0 0])
  ("rgbcolor" .
   [1 0 0 0 0 0 0 0])
  ("red" .
   [8 0 0])
  ("blue" .
   [4 0 0 0])
  ("green" .
   [6 0 0 0 0])
  ("orange" .
   [5 0 0 0 0 0])
  ("purple" .
   [3 0 0 0 0 0])
  ("magenta" .
   [4 0 1 0 1 0 0])
  ("nbr" .
   [6 0 0])
  ("add" .
   [4 0 0])
  ("r" .
   [2])
  ("jmax" .
   [7 0 0 0])
  ("kmax" .
   [7 0 0 0])
  ("x_grid" .
   [6 0 0 0 0 0])
  ("nim" .
   [4 0 0])
  ("y_grid" .
   [8 0 0 0 0 0])
  ("z_grid" .
   [5 0 0 0 0 0])
  ("print" .
   [17 0 0 0 0])
  ("mitr" .
   [4 0 0 0])
  ("filename" .
   [2 0 0 0 0 0 0 0])
  ("dimension" .
   [1 0 0 0 0 0 0 0 0])
  ("allocatable" .
   [1 0 0 0 0 0 0 0 0 0 0])
  ("nxi" .
   [2 0 0])
  ("net" .
   [3 0 0])
  ("100" .
   [7 0 0])
  ("time" .
   [3 0 0 0])
  ("nitr" .
   [8 0 0 0])
  ("write" .
   [1 0 0 0 0])
  ("open" .
   [1 0 0 0])
  ("file" .
   [16 0 0 0])
  ("FORM" .
   [1 0 0 0])
  ("aminf" .
   [3 0 0 0 0])
  ("rey" .
   [11 0 0])
  ("itr" .
   [2 0 0])
  ("q_t" .
   [7 0 0])
  ("close" .
   [1 0 0 0 0])
  ("anum" .
   [9 0 0 0])
  ("itr_t" .
   [8 0 0 0 0])
  ("itst2" .
   [1 0 0 0 0])
  ("0.0" .
   [2 0 0])
  ("ates" .
   [1 0 0 0])
  ("1" .
   [1])
  ("p" .
   [1])
  ("dt" .
   [3 0])
  ("a.out,fix.out" .
   [1 0 0 0 0 0 0 0 0 0 0 0 0])
  ("ifort" .
   [2 0 0 0 0])
  ("fixdata/" .
   [1 0 0 0 0 0 0 0])
  ("0.1" .
   [4 0 0])
  ("edited" .
   [1 0 0 0 0 0])
  ("-traceback" .
   [2 0 0 0 0 0 0 0 0 0])
  ("velocx" .
   [1 0 0 0 0 0])
  ("velocy" .
   [1 0 0 0 0 0])
  ("result.bin" .
   [2 0 0 0 0 0 0 0 0 0])
  ("!/bin/bash" .
   [2 0 0 0 0 0 0 0 0 0])
  ("variable" .
   [1 0 0 0 0 0 0 0])
  ("setting" .
   [1 0 0 0 0 0 0])
  ("cdwing" .
   [1 0 0 0 0 0])
  ("wingforce.dat" .
   [1 0 0 0 0 0 0 0 0 0 0 0 0])
  ("clwing" .
   [1 0 0 0 0 0])
  ("fx01.dat" .
   [1 0 0 0 0 0 0 0])
  ("ave.dat" .
   [1 0 0 0 0 0 0])
  ("ave" .
   [1 0 0])
  ("alrow" .
   [2 0 0 0 0])
  ("DFToctaveによるFFT" .
   [0 0 1 2 0 0 0 0 0 0 0 0 0 0 0])
  ("DFToctave/" .
   [4 0 0 0 0 0 0 0 0 0])
  ("DFToctave" .
   [1 0 0 0 0 0 0 0 0])
  ("../" .
   [2 0 0])
  ("../temp/" .
   [4 0 0 0 0 0 0 0])
  ("for" .
   [1 0 0])
  ("file1.dat" .
   [1 0 0 0 0 0 0 0 0])
  ("done" .
   [1 0 0 0])
  ("cat" .
   [1 0 0])
  ("a.out" .
   [4 0 0 0 0])
  ("awk" .
   [1 0 0])
  ("temp/" .
   [1 0 0 0 0])
  ("../oct.out" .
   [4 0 0 0 0 0 0 0 0 0])
  ("../temp/oct" .
   [1 0 0 0 0 0 0 0 0 0 0])
  (".out" .
   [2 0 0 0])
  ("oct.out" .
   [1 0 0 0 0 0 0])
  ("../temp/f1d" .
   [5 0 0 0 0 0 0 0 0 0 0])))
